28
24
15
27
27
20
20
7
14
11
16
12
30
20
15
26
17
25
16
10
27
10
5
21
19
23
11
27
14
18
23
20
19
20
29
7
26
19
15
7
30
23
17
9
20
31
21
25
23
10
19
24
10
15
20
32
12
27
6
30
28
15
7
14
29
12
24
14
29
5
8
10
20
26
18
25
22
24
12
15
20
15
10
12
10
16
26
13
5
24
24
17
18
20
12
24
14
4
19
29
20
6
6
26
11
14
6
14
14
25
23
28
25
8
28
6
18
14
10
9
11
13
16
14
6
10
16
14
6
21
27
17
9
11
11
20
24
14
14
23
16
18
22
12
12
33
9
21
23
20
25
9
23
18
23
5
12
29
13
11
13
18
22
7
26
11
18
21
23
24
22
17
19
23
12
13
12
10
19
7
12
14
22
8
12
7
11
24
22
15
15
14
24
27
14
16
9
20
28
5
2
16
21
35
18
28
16
30
26
8
17
26
11
12
28
14
23
7
21
13
19
21
30
26
12
27
26
31
9
22
25
11
18
26
15
11
20
10
24
11
6
11
26
18
20
13
26
25
9
20
21
23
16
18
16
23
21
11
12
20
14
22
9
22
22
8
9
8
8
19
10
7
9
8
9
9
12
13
15
14
15
17
11
22
6
37
15
29
15
16
9
20
25
18
6
13
20
21
27
22
27
13
21
32
16
9
22
16
22
15
19
11
20
14
24
19
6
21
9
28
22
6
16
6
19
25
30
23
9
7
19
21
31
16
6
18
30
34
25
8
13
7
26
14
21
11
10
26
25
33
17
20
8
8
13
27
7
17
18
7
17
11
24
14
15
19
6
22
26
22
27
32
20
8
20
21
23
12
26
10
6
18
24
20
25
15
18
17
19
10
21
24
20
21
4
20
40
12
19
30
19
25
31
22
20
12
21
14
23
18
11
21
23
17
11
18
28
20
21
37
18
27
12
22
27
20
19
30
16
24
30
5
20
17
18
19
19
13
25
22
5
16
14
13
18
31
24
13
32
24
20
6
18
15
34
33
12
11
20
13
23
8
12
33
22
9
25
6
22
12
4
9
24
18
14
29
24
20
10
9
13
17
21
12
27
26
11
12
29
34
20
15
7
17
13
16
26
20
10
15
24
15
29
14
20
12
9
11
13
24
20
22
20
10
8
9
12
18
13
10
22
27
12
28
21
12
14
18
19
32
17
19
13
19
5
7
21
11
13
6
18
18
23
18
24
27
24
14
19
16
16
12
10
14
27
13
13
20
22
14
12
26
19
25
15
15
20
19
4
20
24
10
23
22
16
16
20
19
23
3
11
20
20
6
25
23
12
16
27
21
20
17
10
6
5
17
8
17
17
8
24
13
6
28
12
11
20
11
10
29
24
10
10
9
27
26
32
20
26
27
8
34
12
22
8
25
21
21
13
28
15
22
9
14
21
14
16
23
25
15
12
19
16
15
24
22
15
31
7
7
27
21
22
5
15
20
25
11
20
24
19
30
12
18
16
20
8
14
23
6
23
16
29
14
23
27
11
11
26
21
9
17
11
18
25
23
6
18
30
6
24
10
29
10
23
16
7
28
7
25
10
17
10
26
16
22
11
10
11
24
16
11
21
9
20
21
25
21
16
32
21
17
25
11
19
11
7
3
17
13
9
23
15
22
16
22
10
14
13
7
23
24
25
20
12
28
14
15
11
22
13
17
30
22
20
32
7
14
4
24
8
9
18
10
24
25
9
22
12
14
10
34
19
27
22
7
27
21
16
30
16
14
19
25
9
26
11
21
10
24
27
15
8
9
20
13
15
18
7
2
6
6
13
30
22
7
20
12
18
17
16
19
18
33
12
13
26
26
19
13
27
10
17
17
7
22
17
16
26
30
29
13
23
12
24
14
5
14
26
25
19
19
14
10
7
20
25
9
17
16
25
31
22
16
20
8
9
30
11
23
14
5
11
10
20
13
11
29
19
16
25
34
19
22
4
26
8
11
14
17
24
22
5
27
18
13
8
22
26
13
19
17
11
22
18
10
8
6
20
9
27
16
31
16
4
10
26
22
18
5
17
16
14
9
28
24
7
24
13
18
30
13
21
19
9
7
17
16
31
19
31
12
28
12
23
3
9
18
11
21
28
18
18
2
21
20
21
24
7
6
5
26
24
17
31
21
12
6
9
21
17
24
14
13
6
15
17
9
15
8
26
9
17
9
21
17
14
16
22
15
23
21
20
13
29
19
24
19
8
14
6
11
15
18
25
13
28
22
18
